Time	NodeId	NodeName	NumberOfPITEntries	PITsize diff
0	19	Dst1	0
0	20	Dst2	0
0	18	Rtr17	0
0	17	Rtr16	0
0	16	Rtr15	0
0	15	Rtr14	0
0	14	Rtr13	0
0	13	Rtr12	0
0	12	Rtr11	0
0	11	Rtr10	0
0	10	Rtr9	0
0	9	Rtr8	0
0	8	Rtr7	0
0	7	Rtr6	0
0	6	Rtr5	0
0	5	Rtr4	0
0	4	Rtr3	0
0	3	Rtr2	0
0	2	Rtr1	0
0	1	Src2	0
0	0	Src1	0
0.1	19	Dst1	0
0.1	20	Dst2	0
0.1	18	Rtr17	2
0.1	17	Rtr16	4
0.1	16	Rtr15	6
0.1	15	Rtr14	8
0.1	14	Rtr13	2
0.1	13	Rtr12	4
0.1	12	Rtr11	6
0.1	11	Rtr10	8
0.1	10	Rtr9	22
0.1	9	Rtr8	15
0.1	8	Rtr7	17
0.1	7	Rtr6	18
0.1	6	Rtr5	19
0.1	5	Rtr4	13
0.1	4	Rtr3	15
0.1	3	Rtr2	17
0.1	2	Rtr1	19
0.1	1	Src2	20
0.1	0	Src1	20
0.2	19	Dst1	0
0.2	20	Dst2	0
0.2	18	Rtr17	2
0.2	17	Rtr16	4
0.2	16	Rtr15	6
0.2	15	Rtr14	8
0.2	14	Rtr13	2
0.2	13	Rtr12	4
0.2	12	Rtr11	6
0.2	11	Rtr10	8
0.2	10	Rtr9	22
0.2	9	Rtr8	25
0.2	8	Rtr7	27
0.2	7	Rtr6	29
0.2	6	Rtr5	30
0.2	5	Rtr4	13
0.2	4	Rtr3	15
0.2	3	Rtr2	17
0.2	2	Rtr1	19
0.2	1	Src2	32
0.2	0	Src1	22
0.3	19	Dst1	0
0.3	20	Dst2	0
0.3	18	Rtr17	1
0.3	17	Rtr16	2
0.3	16	Rtr15	3
0.3	15	Rtr14	4
0.3	14	Rtr13	2
0.3	13	Rtr12	4
0.3	12	Rtr11	6
0.3	11	Rtr10	8
0.3	10	Rtr9	16
0.3	9	Rtr8	27
0.3	8	Rtr7	35
0.3	7	Rtr6	38
0.3	6	Rtr5	39
0.3	5	Rtr4	13
0.3	4	Rtr3	15
0.3	3	Rtr2	17
0.3	2	Rtr1	19
0.3	1	Src2	42
0.3	0	Src1	22
0.4	19	Dst1	0
0.4	20	Dst2	0
0.4	18	Rtr17	1
0.4	17	Rtr16	2
0.4	16	Rtr15	3
0.4	15	Rtr14	4
0.4	14	Rtr13	2
0.4	13	Rtr12	4
0.4	12	Rtr11	6
0.4	11	Rtr10	8
0.4	10	Rtr9	16
0.4	9	Rtr8	27
0.4	8	Rtr7	36
0.4	7	Rtr6	38
0.4	6	Rtr5	40
0.4	5	Rtr4	13
0.4	4	Rtr3	15
0.4	3	Rtr2	17
0.4	2	Rtr1	19
0.4	1	Src2	41
0.4	0	Src1	22
0.5	19	Dst1	0
0.5	20	Dst2	0
0.5	18	Rtr17	1
0.5	17	Rtr16	2
0.5	16	Rtr15	3
0.5	15	Rtr14	4
0.5	14	Rtr13	2
0.5	13	Rtr12	4
0.5	12	Rtr11	6
0.5	11	Rtr10	8
0.5	10	Rtr9	17
0.5	9	Rtr8	26
0.5	8	Rtr7	36
0.5	7	Rtr6	37
0.5	6	Rtr5	40
0.5	5	Rtr4	13
0.5	4	Rtr3	15
0.5	3	Rtr2	17
0.5	2	Rtr1	19
0.5	1	Src2	42
0.5	0	Src1	22
0.6	19	Dst1	0
0.6	20	Dst2	0
0.6	18	Rtr17	1
0.6	17	Rtr16	2
0.6	16	Rtr15	3
0.6	15	Rtr14	4
0.6	14	Rtr13	2
0.6	13	Rtr12	4
0.6	12	Rtr11	6
0.6	11	Rtr10	8
0.6	10	Rtr9	17
0.6	9	Rtr8	26
0.6	8	Rtr7	36
0.6	7	Rtr6	38
0.6	6	Rtr5	40
0.6	5	Rtr4	13
0.6	4	Rtr3	15
0.6	3	Rtr2	17
0.6	2	Rtr1	19
0.6	1	Src2	42
0.6	0	Src1	22
0.7	19	Dst1	0
0.7	20	Dst2	0
0.7	18	Rtr17	1
0.7	17	Rtr16	2
0.7	16	Rtr15	3
0.7	15	Rtr14	4
0.7	14	Rtr13	2
0.7	13	Rtr12	4
0.7	12	Rtr11	6
0.7	11	Rtr10	8
0.7	10	Rtr9	16
0.7	9	Rtr8	26
0.7	8	Rtr7	31
0.7	7	Rtr6	33
0.7	6	Rtr5	35
0.7	5	Rtr4	13
0.7	4	Rtr3	15
0.7	3	Rtr2	17
0.7	2	Rtr1	19
0.7	1	Src2	36
0.7	0	Src1	22
0.8	19	Dst1	0
0.8	20	Dst2	0
0.8	18	Rtr17	1
0.8	17	Rtr16	2
0.8	16	Rtr15	3
0.8	15	Rtr14	4
0.8	14	Rtr13	2
0.8	13	Rtr12	4
0.8	12	Rtr11	6
0.8	11	Rtr10	8
0.8	10	Rtr9	16
0.8	9	Rtr8	26
0.8	8	Rtr7	32
0.8	7	Rtr6	33
0.8	6	Rtr5	35
0.8	5	Rtr4	13
0.8	4	Rtr3	15
0.8	3	Rtr2	17
0.8	2	Rtr1	19
0.8	1	Src2	36
0.8	0	Src1	22
0.9	19	Dst1	0
0.9	20	Dst2	0
0.9	18	Rtr17	1
0.9	17	Rtr16	2
0.9	16	Rtr15	3
0.9	15	Rtr14	4
0.9	14	Rtr13	2
0.9	13	Rtr12	4
0.9	12	Rtr11	6
0.9	11	Rtr10	8
0.9	10	Rtr9	16
0.9	9	Rtr8	25
0.9	8	Rtr7	32
0.9	7	Rtr6	33
0.9	6	Rtr5	35
0.9	5	Rtr4	13
0.9	4	Rtr3	15
0.9	3	Rtr2	17
0.9	2	Rtr1	19
0.9	1	Src2	36
0.9	0	Src1	22
1	19	Dst1	0
1	20	Dst2	0
1	18	Rtr17	1
1	17	Rtr16	2
1	16	Rtr15	3
1	15	Rtr14	4
1	14	Rtr13	2
1	13	Rtr12	4
1	12	Rtr11	6
1	11	Rtr10	8
1	10	Rtr9	17
1	9	Rtr8	26
1	8	Rtr7	31
1	7	Rtr6	32
1	6	Rtr5	34
1	5	Rtr4	13
1	4	Rtr3	15
1	3	Rtr2	17
1	2	Rtr1	19
1	1	Src2	35
1	0	Src1	22
1.1	19	Dst1	0
1.1	20	Dst2	0
1.1	18	Rtr17	1
1.1	17	Rtr16	2
1.1	16	Rtr15	3
1.1	15	Rtr14	4
1.1	14	Rtr13	2
1.1	13	Rtr12	4
1.1	12	Rtr11	6
1.1	11	Rtr10	8
1.1	10	Rtr9	16
1.1	9	Rtr8	26
1.1	8	Rtr7	28
1.1	7	Rtr6	30
1.1	6	Rtr5	31
1.1	5	Rtr4	13
1.1	4	Rtr3	15
1.1	3	Rtr2	17
1.1	2	Rtr1	19
1.1	1	Src2	32
1.1	0	Src1	22
1.2	19	Dst1	0
1.2	20	Dst2	0
1.2	18	Rtr17	1
1.2	17	Rtr16	2
1.2	16	Rtr15	3
1.2	15	Rtr14	4
1.2	14	Rtr13	2
1.2	13	Rtr12	4
1.2	12	Rtr11	6
1.2	11	Rtr10	8
1.2	10	Rtr9	16
1.2	9	Rtr8	26
1.2	8	Rtr7	29
1.2	7	Rtr6	30
1.2	6	Rtr5	31
1.2	5	Rtr4	13
1.2	4	Rtr3	15
1.2	3	Rtr2	17
1.2	2	Rtr1	19
1.2	1	Src2	33
1.2	0	Src1	22
1.3	19	Dst1	0
1.3	20	Dst2	0
1.3	18	Rtr17	1
1.3	17	Rtr16	2
1.3	16	Rtr15	3
1.3	15	Rtr14	3
1.3	14	Rtr13	2
1.3	13	Rtr12	4
1.3	12	Rtr11	6
1.3	11	Rtr10	8
1.3	10	Rtr9	16
1.3	9	Rtr8	25
1.3	8	Rtr7	29
1.3	7	Rtr6	30
1.3	6	Rtr5	31
1.3	5	Rtr4	13
1.3	4	Rtr3	15
1.3	3	Rtr2	17
1.3	2	Rtr1	19
1.3	1	Src2	32
1.3	0	Src1	22
1.4	19	Dst1	0
1.4	20	Dst2	0
1.4	18	Rtr17	1
1.4	17	Rtr16	2
1.4	16	Rtr15	3
1.4	15	Rtr14	4
1.4	14	Rtr13	2
1.4	13	Rtr12	4
1.4	12	Rtr11	6
1.4	11	Rtr10	8
1.4	10	Rtr9	17
1.4	9	Rtr8	26
1.4	8	Rtr7	28
1.4	7	Rtr6	29
1.4	6	Rtr5	30
1.4	5	Rtr4	13
1.4	4	Rtr3	15
1.4	3	Rtr2	17
1.4	2	Rtr1	19
1.4	1	Src2	31
1.4	0	Src1	22
1.5	19	Dst1	0
1.5	20	Dst2	0
1.5	18	Rtr17	1
1.5	17	Rtr16	2
1.5	16	Rtr15	2
1.5	15	Rtr14	4
1.5	14	Rtr13	2
1.5	13	Rtr12	4
1.5	12	Rtr11	6
1.5	11	Rtr10	8
1.5	10	Rtr9	16
1.5	9	Rtr8	26
1.5	8	Rtr7	27
1.5	7	Rtr6	28
1.5	6	Rtr5	29
1.5	5	Rtr4	13
1.5	4	Rtr3	15
1.5	3	Rtr2	17
1.5	2	Rtr1	19
1.5	1	Src2	30
1.5	0	Src1	22
1.6	19	Dst1	0
1.6	20	Dst2	0
1.6	18	Rtr17	1
1.6	17	Rtr16	2
1.6	16	Rtr15	3
1.6	15	Rtr14	4
1.6	14	Rtr13	2
1.6	13	Rtr12	4
1.6	12	Rtr11	6
1.6	11	Rtr10	8
1.6	10	Rtr9	16
1.6	9	Rtr8	26
1.6	8	Rtr7	27
1.6	7	Rtr6	28
1.6	6	Rtr5	29
1.6	5	Rtr4	13
1.6	4	Rtr3	15
1.6	3	Rtr2	17
1.6	2	Rtr1	19
1.6	1	Src2	31
1.6	0	Src1	22
1.7	19	Dst1	0
1.7	20	Dst2	0
1.7	18	Rtr17	1
1.7	17	Rtr16	2
1.7	16	Rtr15	3
1.7	15	Rtr14	3
1.7	14	Rtr13	2
1.7	13	Rtr12	4
1.7	12	Rtr11	6
1.7	11	Rtr10	8
1.7	10	Rtr9	16
1.7	9	Rtr8	26
1.7	8	Rtr7	27
1.7	7	Rtr6	28
1.7	6	Rtr5	29
1.7	5	Rtr4	13
1.7	4	Rtr3	15
1.7	3	Rtr2	17
1.7	2	Rtr1	19
1.7	1	Src2	30
1.7	0	Src1	22
1.8	19	Dst1	0
1.8	20	Dst2	0
1.8	18	Rtr17	1
1.8	17	Rtr16	2
1.8	16	Rtr15	3
1.8	15	Rtr14	4
1.8	14	Rtr13	2
1.8	13	Rtr12	4
1.8	12	Rtr11	6
1.8	11	Rtr10	8
1.8	10	Rtr9	17
1.8	9	Rtr8	26
1.8	8	Rtr7	27
1.8	7	Rtr6	28
1.8	6	Rtr5	30
1.8	5	Rtr4	13
1.8	4	Rtr3	15
1.8	3	Rtr2	17
1.8	2	Rtr1	19
1.8	1	Src2	30
1.8	0	Src1	22
1.9	19	Dst1	0
1.9	20	Dst2	0
1.9	18	Rtr17	1
1.9	17	Rtr16	2
1.9	16	Rtr15	2
1.9	15	Rtr14	4
1.9	14	Rtr13	2
1.9	13	Rtr12	4
1.9	12	Rtr11	6
1.9	11	Rtr10	8
1.9	10	Rtr9	16
1.9	9	Rtr8	26
1.9	8	Rtr7	27
1.9	7	Rtr6	28
1.9	6	Rtr5	29
1.9	5	Rtr4	13
1.9	4	Rtr3	15
1.9	3	Rtr2	17
1.9	2	Rtr1	19
1.9	1	Src2	30
1.9	0	Src1	22
2	19	Dst1	0
2	20	Dst2	0
2	18	Rtr17	1
2	17	Rtr16	2
2	16	Rtr15	3
2	15	Rtr14	4
2	14	Rtr13	2
2	13	Rtr12	4
2	12	Rtr11	6
2	11	Rtr10	8
2	10	Rtr9	16
2	9	Rtr8	26
2	8	Rtr7	27
2	7	Rtr6	29
2	6	Rtr5	29
2	5	Rtr4	13
2	4	Rtr3	15
2	3	Rtr2	17
2	2	Rtr1	19
2	1	Src2	31
2	0	Src1	22
2.1	19	Dst1	0
2.1	20	Dst2	0
2.1	18	Rtr17	1
2.1	17	Rtr16	2
2.1	16	Rtr15	3
2.1	15	Rtr14	3
2.1	14	Rtr13	2
2.1	13	Rtr12	4
2.1	12	Rtr11	6
2.1	11	Rtr10	8
2.1	10	Rtr9	16
2.1	9	Rtr8	26
2.1	8	Rtr7	27
2.1	7	Rtr6	28
2.1	6	Rtr5	29
2.1	5	Rtr4	13
2.1	4	Rtr3	15
2.1	3	Rtr2	17
2.1	2	Rtr1	19
2.1	1	Src2	30
2.1	0	Src1	22
2.2	19	Dst1	0
2.2	20	Dst2	0
2.2	18	Rtr17	1
2.2	17	Rtr16	2
2.2	16	Rtr15	3
2.2	15	Rtr14	4
2.2	14	Rtr13	2
2.2	13	Rtr12	4
2.2	12	Rtr11	6
2.2	11	Rtr10	8
2.2	10	Rtr9	17
2.2	9	Rtr8	26
2.2	8	Rtr7	28
2.2	7	Rtr6	28
2.2	6	Rtr5	30
2.2	5	Rtr4	13
2.2	4	Rtr3	15
2.2	3	Rtr2	17
2.2	2	Rtr1	19
2.2	1	Src2	30
2.2	0	Src1	22
2.3	19	Dst1	0
2.3	20	Dst2	0
2.3	18	Rtr17	1
2.3	17	Rtr16	2
2.3	16	Rtr15	2
2.3	15	Rtr14	4
2.3	14	Rtr13	2
2.3	13	Rtr12	4
2.3	12	Rtr11	6
2.3	11	Rtr10	8
2.3	10	Rtr9	16
2.3	9	Rtr8	26
2.3	8	Rtr7	27
2.3	7	Rtr6	28
2.3	6	Rtr5	29
2.3	5	Rtr4	13
2.3	4	Rtr3	15
2.3	3	Rtr2	17
2.3	2	Rtr1	19
2.3	1	Src2	31
2.3	0	Src1	22
2.4	19	Dst1	0
2.4	20	Dst2	0
2.4	18	Rtr17	1
2.4	17	Rtr16	2
2.4	16	Rtr15	3
2.4	15	Rtr14	4
2.4	14	Rtr13	2
2.4	13	Rtr12	4
2.4	12	Rtr11	6
2.4	11	Rtr10	8
2.4	10	Rtr9	16
2.4	9	Rtr8	27
2.4	8	Rtr7	27
2.4	7	Rtr6	29
2.4	6	Rtr5	29
2.4	5	Rtr4	13
2.4	4	Rtr3	15
2.4	3	Rtr2	17
2.4	2	Rtr1	19
2.4	1	Src2	31
2.4	0	Src1	22
2.5	19	Dst1	0
2.5	20	Dst2	0
2.5	18	Rtr17	1
2.5	17	Rtr16	1
2.5	16	Rtr15	3
2.5	15	Rtr14	3
2.5	14	Rtr13	2
2.5	13	Rtr12	4
2.5	12	Rtr11	6
2.5	11	Rtr10	8
2.5	10	Rtr9	16
2.5	9	Rtr8	26
2.5	8	Rtr7	27
2.5	7	Rtr6	28
2.5	6	Rtr5	30
2.5	5	Rtr4	13
2.5	4	Rtr3	15
2.5	3	Rtr2	17
2.5	2	Rtr1	19
2.5	1	Src2	30
2.5	0	Src1	22
2.6	19	Dst1	0
2.6	20	Dst2	0
2.6	18	Rtr17	1
2.6	17	Rtr16	2
2.6	16	Rtr15	3
2.6	15	Rtr14	4
2.6	14	Rtr13	2
2.6	13	Rtr12	4
2.6	12	Rtr11	6
2.6	11	Rtr10	8
2.6	10	Rtr9	17
2.6	9	Rtr8	26
2.6	8	Rtr7	28
2.6	7	Rtr6	28
2.6	6	Rtr5	30
2.6	5	Rtr4	13
2.6	4	Rtr3	15
2.6	3	Rtr2	17
2.6	2	Rtr1	19
2.6	1	Src2	30
2.6	0	Src1	22
2.7	19	Dst1	0
2.7	20	Dst2	0
2.7	18	Rtr17	1
2.7	17	Rtr16	2
2.7	16	Rtr15	2
2.7	15	Rtr14	4
2.7	14	Rtr13	2
2.7	13	Rtr12	4
2.7	12	Rtr11	6
2.7	11	Rtr10	8
2.7	10	Rtr9	16
2.7	9	Rtr8	26
2.7	8	Rtr7	27
2.7	7	Rtr6	29
2.7	6	Rtr5	29
2.7	5	Rtr4	13
2.7	4	Rtr3	15
2.7	3	Rtr2	17
2.7	2	Rtr1	19
2.7	1	Src2	31
2.7	0	Src1	22
2.8	19	Dst1	0
2.8	20	Dst2	0
2.8	18	Rtr17	1
2.8	17	Rtr16	2
2.8	16	Rtr15	3
2.8	15	Rtr14	4
2.8	14	Rtr13	2
2.8	13	Rtr12	4
2.8	12	Rtr11	6
2.8	11	Rtr10	8
2.8	10	Rtr9	16
2.8	9	Rtr8	27
2.8	8	Rtr7	27
2.8	7	Rtr6	29
2.8	6	Rtr5	29
2.8	5	Rtr4	13
2.8	4	Rtr3	15
2.8	3	Rtr2	17
2.8	2	Rtr1	19
2.8	1	Src2	31
2.8	0	Src1	22
2.9	19	Dst1	0
2.9	20	Dst2	0
2.9	18	Rtr17	1
2.9	17	Rtr16	1
2.9	16	Rtr15	3
2.9	15	Rtr14	3
2.9	14	Rtr13	2
2.9	13	Rtr12	4
2.9	12	Rtr11	6
2.9	11	Rtr10	8
2.9	10	Rtr9	16
2.9	9	Rtr8	26
2.9	8	Rtr7	28
2.9	7	Rtr6	28
2.9	6	Rtr5	30
2.9	5	Rtr4	13
2.9	4	Rtr3	15
2.9	3	Rtr2	17
2.9	2	Rtr1	19
2.9	1	Src2	30
2.9	0	Src1	22
3	19	Dst1	0
3	20	Dst2	0
3	18	Rtr17	1
3	17	Rtr16	2
3	16	Rtr15	3
3	15	Rtr14	4
3	14	Rtr13	2
3	13	Rtr12	4
3	12	Rtr11	6
3	11	Rtr10	8
3	10	Rtr9	17
3	9	Rtr8	26
3	8	Rtr7	28
3	7	Rtr6	28
3	6	Rtr5	30
3	5	Rtr4	13
3	4	Rtr3	15
3	3	Rtr2	17
3	2	Rtr1	19
3	1	Src2	31
3	0	Src1	22
3.1	19	Dst1	0
3.1	20	Dst2	0
3.1	18	Rtr17	1
3.1	17	Rtr16	2
3.1	16	Rtr15	2
3.1	15	Rtr14	4
3.1	14	Rtr13	2
3.1	13	Rtr12	4
3.1	12	Rtr11	6
3.1	11	Rtr10	8
3.1	10	Rtr9	16
3.1	9	Rtr8	27
3.1	8	Rtr7	27
3.1	7	Rtr6	29
3.1	6	Rtr5	29
3.1	5	Rtr4	13
3.1	4	Rtr3	15
3.1	3	Rtr2	17
3.1	2	Rtr1	19
3.1	1	Src2	31
3.1	0	Src1	22
3.2	19	Dst1	0
3.2	20	Dst2	0
3.2	18	Rtr17	1
3.2	17	Rtr16	2
3.2	16	Rtr15	3
3.2	15	Rtr14	4
3.2	14	Rtr13	2
3.2	13	Rtr12	4
3.2	12	Rtr11	6
3.2	11	Rtr10	8
3.2	10	Rtr9	16
3.2	9	Rtr8	27
3.2	8	Rtr7	27
3.2	7	Rtr6	29
3.2	6	Rtr5	30
3.2	5	Rtr4	13
3.2	4	Rtr3	15
3.2	3	Rtr2	17
3.2	2	Rtr1	19
3.2	1	Src2	31
3.2	0	Src1	22
3.3	19	Dst1	0
3.3	20	Dst2	0
3.3	18	Rtr17	1
3.3	17	Rtr16	1
3.3	16	Rtr15	3
3.3	15	Rtr14	3
3.3	14	Rtr13	2
3.3	13	Rtr12	4
3.3	12	Rtr11	6
3.3	11	Rtr10	8
3.3	10	Rtr9	16
3.3	9	Rtr8	26
3.3	8	Rtr7	28
3.3	7	Rtr6	28
3.3	6	Rtr5	30
3.3	5	Rtr4	13
3.3	4	Rtr3	15
3.3	3	Rtr2	17
3.3	2	Rtr1	19
3.3	1	Src2	30
3.3	0	Src1	22
3.4	19	Dst1	0
3.4	20	Dst2	0
3.4	18	Rtr17	1
3.4	17	Rtr16	2
3.4	16	Rtr15	3
3.4	15	Rtr14	4
3.4	14	Rtr13	2
3.4	13	Rtr12	4
3.4	12	Rtr11	6
3.4	11	Rtr10	8
3.4	10	Rtr9	17
3.4	9	Rtr8	26
3.4	8	Rtr7	28
3.4	7	Rtr6	29
3.4	6	Rtr5	30
3.4	5	Rtr4	13
3.4	4	Rtr3	15
3.4	3	Rtr2	17
3.4	2	Rtr1	19
3.4	1	Src2	31
3.4	0	Src1	22
3.5	19	Dst1	0
3.5	20	Dst2	0
3.5	18	Rtr17	0
3.5	17	Rtr16	2
3.5	16	Rtr15	2
3.5	15	Rtr14	4
3.5	14	Rtr13	2
3.5	13	Rtr12	4
3.5	12	Rtr11	6
3.5	11	Rtr10	8
3.5	10	Rtr9	16
3.5	9	Rtr8	27
3.5	8	Rtr7	27
3.5	7	Rtr6	29
3.5	6	Rtr5	29
3.5	5	Rtr4	13
3.5	4	Rtr3	15
3.5	3	Rtr2	17
3.5	2	Rtr1	19
3.5	1	Src2	31
3.5	0	Src1	22
3.6	19	Dst1	0
3.6	20	Dst2	0
3.6	18	Rtr17	1
3.6	17	Rtr16	2
3.6	16	Rtr15	3
3.6	15	Rtr14	4
3.6	14	Rtr13	2
3.6	13	Rtr12	4
3.6	12	Rtr11	6
3.6	11	Rtr10	8
3.6	10	Rtr9	16
3.6	9	Rtr8	27
3.6	8	Rtr7	28
3.6	7	Rtr6	29
3.6	6	Rtr5	30
3.6	5	Rtr4	13
3.6	4	Rtr3	15
3.6	3	Rtr2	17
3.6	2	Rtr1	19
3.6	1	Src2	31
3.6	0	Src1	22
3.7	19	Dst1	0
3.7	20	Dst2	0
3.7	18	Rtr17	1
3.7	17	Rtr16	1
3.7	16	Rtr15	3
3.7	15	Rtr14	3
3.7	14	Rtr13	2
3.7	13	Rtr12	4
3.7	12	Rtr11	6
3.7	11	Rtr10	8
3.7	10	Rtr9	16
3.7	9	Rtr8	26
3.7	8	Rtr7	28
3.7	7	Rtr6	28
3.7	6	Rtr5	30
3.7	5	Rtr4	13
3.7	4	Rtr3	15
3.7	3	Rtr2	17
3.7	2	Rtr1	19
3.7	1	Src2	31
3.7	0	Src1	22
3.8	19	Dst1	0
3.8	20	Dst2	0
3.8	18	Rtr17	1
3.8	17	Rtr16	2
3.8	16	Rtr15	3
3.8	15	Rtr14	4
3.8	14	Rtr13	2
3.8	13	Rtr12	4
3.8	12	Rtr11	6
3.8	11	Rtr10	8
3.8	10	Rtr9	17
3.8	9	Rtr8	27
3.8	8	Rtr7	28
3.8	7	Rtr6	29
3.8	6	Rtr5	30
3.8	5	Rtr4	13
3.8	4	Rtr3	15
3.8	3	Rtr2	17
3.8	2	Rtr1	19
3.8	1	Src2	31
3.8	0	Src1	22
3.9	19	Dst1	0
3.9	20	Dst2	0
3.9	18	Rtr17	0
3.9	17	Rtr16	2
3.9	16	Rtr15	2
3.9	15	Rtr14	4
3.9	14	Rtr13	2
3.9	13	Rtr12	4
3.9	12	Rtr11	6
3.9	11	Rtr10	8
3.9	10	Rtr9	16
3.9	9	Rtr8	27
3.9	8	Rtr7	27
3.9	7	Rtr6	29
3.9	6	Rtr5	30
3.9	5	Rtr4	13
3.9	4	Rtr3	15
3.9	3	Rtr2	17
3.9	2	Rtr1	19
3.9	1	Src2	31
3.9	0	Src1	22
4	19	Dst1	0
4	20	Dst2	0
4	18	Rtr17	1
4	17	Rtr16	2
4	16	Rtr15	3
4	15	Rtr14	4
4	14	Rtr13	2
4	13	Rtr12	4
4	12	Rtr11	6
4	11	Rtr10	8
4	10	Rtr9	16
4	9	Rtr8	27
4	8	Rtr7	28
4	7	Rtr6	29
4	6	Rtr5	30
4	5	Rtr4	13
4	4	Rtr3	15
4	3	Rtr2	17
4	2	Rtr1	19
4	1	Src2	31
4	0	Src1	22
4.1	19	Dst1	0
4.1	20	Dst2	0
4.1	18	Rtr17	1
4.1	17	Rtr16	1
4.1	16	Rtr15	3
4.1	15	Rtr14	3
4.1	14	Rtr13	2
4.1	13	Rtr12	4
4.1	12	Rtr11	6
4.1	11	Rtr10	8
4.1	10	Rtr9	16
4.1	9	Rtr8	26
4.1	8	Rtr7	28
4.1	7	Rtr6	29
4.1	6	Rtr5	30
4.1	5	Rtr4	13
4.1	4	Rtr3	15
4.1	3	Rtr2	17
4.1	2	Rtr1	19
4.1	1	Src2	31
4.1	0	Src1	22
4.2	19	Dst1	0
4.2	20	Dst2	0
4.2	18	Rtr17	1
4.2	17	Rtr16	2
4.2	16	Rtr15	3
4.2	15	Rtr14	4
4.2	14	Rtr13	2
4.2	13	Rtr12	4
4.2	12	Rtr11	6
4.2	11	Rtr10	8
4.2	10	Rtr9	17
4.2	9	Rtr8	27
4.2	8	Rtr7	28
4.2	7	Rtr6	29
4.2	6	Rtr5	30
4.2	5	Rtr4	13
4.2	4	Rtr3	15
4.2	3	Rtr2	17
4.2	2	Rtr1	19
4.2	1	Src2	31
4.2	0	Src1	22
4.3	19	Dst1	0
4.3	20	Dst2	0
4.3	18	Rtr17	1
4.3	17	Rtr16	2
4.3	16	Rtr15	2
4.3	15	Rtr14	4
4.3	14	Rtr13	2
4.3	13	Rtr12	4
4.3	12	Rtr11	6
4.3	11	Rtr10	8
4.3	10	Rtr9	16
4.3	9	Rtr8	27
4.3	8	Rtr7	28
4.3	7	Rtr6	29
4.3	6	Rtr5	31
4.3	5	Rtr4	13
4.3	4	Rtr3	15
4.3	3	Rtr2	17
4.3	2	Rtr1	19
4.3	1	Src2	32
4.3	0	Src1	22
4.4	19	Dst1	0
4.4	20	Dst2	0
4.4	18	Rtr17	1
4.4	17	Rtr16	2
4.4	16	Rtr15	3
4.4	15	Rtr14	4
4.4	14	Rtr13	2
4.4	13	Rtr12	4
4.4	12	Rtr11	6
4.4	11	Rtr10	8
4.4	10	Rtr9	16
4.4	9	Rtr8	27
4.4	8	Rtr7	28
4.4	7	Rtr6	29
4.4	6	Rtr5	30
4.4	5	Rtr4	13
4.4	4	Rtr3	15
4.4	3	Rtr2	17
4.4	2	Rtr1	19
4.4	1	Src2	33
4.4	0	Src1	22
4.5	19	Dst1	0
4.5	20	Dst2	0
4.5	18	Rtr17	1
4.5	17	Rtr16	2
4.5	16	Rtr15	3
4.5	15	Rtr14	3
4.5	14	Rtr13	2
4.5	13	Rtr12	4
4.5	12	Rtr11	6
4.5	11	Rtr10	8
4.5	10	Rtr9	16
4.5	9	Rtr8	27
4.5	8	Rtr7	28
4.5	7	Rtr6	29
4.5	6	Rtr5	30
4.5	5	Rtr4	13
4.5	4	Rtr3	15
4.5	3	Rtr2	17
4.5	2	Rtr1	19
4.5	1	Src2	32
4.5	0	Src1	22
4.6	19	Dst1	0
4.6	20	Dst2	0
4.6	18	Rtr17	1
4.6	17	Rtr16	2
4.6	16	Rtr15	3
4.6	15	Rtr14	4
4.6	14	Rtr13	2
4.6	13	Rtr12	4
4.6	12	Rtr11	6
4.6	11	Rtr10	8
4.6	10	Rtr9	17
4.6	9	Rtr8	27
4.6	8	Rtr7	28
4.6	7	Rtr6	29
4.6	6	Rtr5	31
4.6	5	Rtr4	13
4.6	4	Rtr3	15
4.6	3	Rtr2	17
4.6	2	Rtr1	19
4.6	1	Src2	32
4.6	0	Src1	22
4.7	19	Dst1	0
4.7	20	Dst2	0
4.7	18	Rtr17	1
4.7	17	Rtr16	2
4.7	16	Rtr15	2
4.7	15	Rtr14	3
4.7	14	Rtr13	2
4.7	13	Rtr12	4
4.7	12	Rtr11	6
4.7	11	Rtr10	8
4.7	10	Rtr9	15
4.7	9	Rtr8	26
4.7	8	Rtr7	27
4.7	7	Rtr6	28
4.7	6	Rtr5	29
4.7	5	Rtr4	13
4.7	4	Rtr3	15
4.7	3	Rtr2	17
4.7	2	Rtr1	19
4.7	1	Src2	31
4.7	0	Src1	22
4.8	19	Dst1	0
4.8	20	Dst2	0
4.8	18	Rtr17	1
4.8	17	Rtr16	2
4.8	16	Rtr15	3
4.8	15	Rtr14	4
4.8	14	Rtr13	2
4.8	13	Rtr12	4
4.8	12	Rtr11	6
4.8	11	Rtr10	8
4.8	10	Rtr9	16
4.8	9	Rtr8	26
4.8	8	Rtr7	27
4.8	7	Rtr6	29
4.8	6	Rtr5	29
4.8	5	Rtr4	13
4.8	4	Rtr3	15
4.8	3	Rtr2	17
4.8	2	Rtr1	19
4.8	1	Src2	32
4.8	0	Src1	22
4.9	19	Dst1	0
4.9	20	Dst2	0
4.9	18	Rtr17	1
4.9	17	Rtr16	1
4.9	16	Rtr15	3
4.9	15	Rtr14	3
4.9	14	Rtr13	2
4.9	13	Rtr12	4
4.9	12	Rtr11	6
4.9	11	Rtr10	8
4.9	10	Rtr9	16
4.9	9	Rtr8	26
4.9	8	Rtr7	27
4.9	7	Rtr6	28
4.9	6	Rtr5	29
4.9	5	Rtr4	13
4.9	4	Rtr3	15
4.9	3	Rtr2	17
4.9	2	Rtr1	19
4.9	1	Src2	31
4.9	0	Src1	22
5	19	Dst1	0
5	20	Dst2	0
5	18	Rtr17	1
5	17	Rtr16	2
5	16	Rtr15	3
5	15	Rtr14	4
5	14	Rtr13	2
5	13	Rtr12	4
5	12	Rtr11	6
5	11	Rtr10	8
5	10	Rtr9	17
5	9	Rtr8	26
5	8	Rtr7	28
5	7	Rtr6	28
5	6	Rtr5	30
5	5	Rtr4	13
5	4	Rtr3	15
5	3	Rtr2	17
5	2	Rtr1	19
5	1	Src2	31
5	0	Src1	22
5.1	19	Dst1	0
5.1	20	Dst2	0
5.1	18	Rtr17	0
5.1	17	Rtr16	2
5.1	16	Rtr15	2
5.1	15	Rtr14	4
5.1	14	Rtr13	2
5.1	13	Rtr12	4
5.1	12	Rtr11	6
5.1	11	Rtr10	8
5.1	10	Rtr9	16
5.1	9	Rtr8	26
5.1	8	Rtr7	27
5.1	7	Rtr6	28
5.1	6	Rtr5	29
5.1	5	Rtr4	13
5.1	4	Rtr3	15
5.1	3	Rtr2	17
5.1	2	Rtr1	19
5.1	1	Src2	32
5.1	0	Src1	22
5.2	19	Dst1	0
5.2	20	Dst2	0
5.2	18	Rtr17	1
5.2	17	Rtr16	2
5.2	16	Rtr15	3
5.2	15	Rtr14	4
5.2	14	Rtr13	2
5.2	13	Rtr12	4
5.2	12	Rtr11	6
5.2	11	Rtr10	8
5.2	10	Rtr9	16
5.2	9	Rtr8	27
5.2	8	Rtr7	27
5.2	7	Rtr6	29
5.2	6	Rtr5	29
5.2	5	Rtr4	13
5.2	4	Rtr3	15
5.2	3	Rtr2	17
5.2	2	Rtr1	19
5.2	1	Src2	32
5.2	0	Src1	22
5.3	19	Dst1	0
5.3	20	Dst2	0
5.3	18	Rtr17	1
5.3	17	Rtr16	2
5.3	16	Rtr15	3
5.3	15	Rtr14	3
5.3	14	Rtr13	2
5.3	13	Rtr12	4
5.3	12	Rtr11	6
5.3	11	Rtr10	8
5.3	10	Rtr9	16
5.3	9	Rtr8	26
5.3	8	Rtr7	27
5.3	7	Rtr6	28
5.3	6	Rtr5	30
5.3	5	Rtr4	13
5.3	4	Rtr3	15
5.3	3	Rtr2	17
5.3	2	Rtr1	19
5.3	1	Src2	31
5.3	0	Src1	22
5.4	19	Dst1	0
5.4	20	Dst2	0
5.4	18	Rtr17	1
5.4	17	Rtr16	2
5.4	16	Rtr15	3
5.4	15	Rtr14	4
5.4	14	Rtr13	2
5.4	13	Rtr12	4
5.4	12	Rtr11	6
5.4	11	Rtr10	8
5.4	10	Rtr9	17
5.4	9	Rtr8	25
5.4	8	Rtr7	27
5.4	7	Rtr6	27
5.4	6	Rtr5	29
5.4	5	Rtr4	13
5.4	4	Rtr3	15
5.4	3	Rtr2	17
5.4	2	Rtr1	19
5.4	1	Src2	30
5.4	0	Src1	22
5.5	19	Dst1	0
5.5	20	Dst2	0
5.5	18	Rtr17	1
5.5	17	Rtr16	2
5.5	16	Rtr15	3
5.5	15	Rtr14	4
5.5	14	Rtr13	2
5.5	13	Rtr12	4
5.5	12	Rtr11	6
5.5	11	Rtr10	8
5.5	10	Rtr9	17
5.5	9	Rtr8	25
5.5	8	Rtr7	26
5.5	7	Rtr6	28
5.5	6	Rtr5	28
5.5	5	Rtr4	13
5.5	4	Rtr3	15
5.5	3	Rtr2	17
5.5	2	Rtr1	19
5.5	1	Src2	31
5.5	0	Src1	22
5.6	19	Dst1	0
5.6	20	Dst2	0
5.6	18	Rtr17	1
5.6	17	Rtr16	2
5.6	16	Rtr15	3
5.6	15	Rtr14	4
5.6	14	Rtr13	2
5.6	13	Rtr12	4
5.6	12	Rtr11	6
5.6	11	Rtr10	8
5.6	10	Rtr9	16
5.6	9	Rtr8	26
5.6	8	Rtr7	26
5.6	7	Rtr6	28
5.6	6	Rtr5	28
5.6	5	Rtr4	13
5.6	4	Rtr3	15
5.6	3	Rtr2	17
5.6	2	Rtr1	19
5.6	1	Src2	31
5.6	0	Src1	22
5.7	19	Dst1	0
5.7	20	Dst2	0
5.7	18	Rtr17	1
5.7	17	Rtr16	2
5.7	16	Rtr15	3
5.7	15	Rtr14	4
5.7	14	Rtr13	2
5.7	13	Rtr12	4
5.7	12	Rtr11	6
5.7	11	Rtr10	8
5.7	10	Rtr9	16
5.7	9	Rtr8	26
5.7	8	Rtr7	27
5.7	7	Rtr6	28
5.7	6	Rtr5	29
5.7	5	Rtr4	13
5.7	4	Rtr3	15
5.7	3	Rtr2	17
5.7	2	Rtr1	19
5.7	1	Src2	30
5.7	0	Src1	22
5.8	19	Dst1	0
5.8	20	Dst2	0
5.8	18	Rtr17	1
5.8	17	Rtr16	2
5.8	16	Rtr15	3
5.8	15	Rtr14	4
5.8	14	Rtr13	2
5.8	13	Rtr12	4
5.8	12	Rtr11	6
5.8	11	Rtr10	8
5.8	10	Rtr9	17
5.8	9	Rtr8	25
5.8	8	Rtr7	27
5.8	7	Rtr6	27
5.8	6	Rtr5	29
5.8	5	Rtr4	13
5.8	4	Rtr3	15
5.8	3	Rtr2	17
5.8	2	Rtr1	19
5.8	1	Src2	30
5.8	0	Src1	22
5.9	19	Dst1	0
5.9	20	Dst2	0
5.9	18	Rtr17	1
5.9	17	Rtr16	2
5.9	16	Rtr15	3
5.9	15	Rtr14	4
5.9	14	Rtr13	2
5.9	13	Rtr12	4
5.9	12	Rtr11	6
5.9	11	Rtr10	8
5.9	10	Rtr9	17
5.9	9	Rtr8	26
5.9	8	Rtr7	27
5.9	7	Rtr6	28
5.9	6	Rtr5	29
5.9	5	Rtr4	13
5.9	4	Rtr3	15
5.9	3	Rtr2	17
5.9	2	Rtr1	19
5.9	1	Src2	30
5.9	0	Src1	22
6	19	Dst1	0
6	20	Dst2	0
6	18	Rtr17	1
6	17	Rtr16	2
6	16	Rtr15	3
6	15	Rtr14	4
6	14	Rtr13	2
6	13	Rtr12	4
6	12	Rtr11	6
6	11	Rtr10	8
6	10	Rtr9	16
6	9	Rtr8	26
6	8	Rtr7	26
6	7	Rtr6	28
6	6	Rtr5	29
6	5	Rtr4	13
6	4	Rtr3	15
6	3	Rtr2	17
6	2	Rtr1	19
6	1	Src2	30
6	0	Src1	22
6.1	19	Dst1	0
6.1	20	Dst2	0
6.1	18	Rtr17	1
6.1	17	Rtr16	2
6.1	16	Rtr15	3
6.1	15	Rtr14	4
6.1	14	Rtr13	2
6.1	13	Rtr12	4
6.1	12	Rtr11	6
6.1	11	Rtr10	8
6.1	10	Rtr9	16
6.1	9	Rtr8	26
6.1	8	Rtr7	27
6.1	7	Rtr6	28
6.1	6	Rtr5	29
6.1	5	Rtr4	13
6.1	4	Rtr3	15
6.1	3	Rtr2	17
6.1	2	Rtr1	19
6.1	1	Src2	30
6.1	0	Src1	22
6.2	19	Dst1	0
6.2	20	Dst2	0
6.2	18	Rtr17	1
6.2	17	Rtr16	2
6.2	16	Rtr15	3
6.2	15	Rtr14	4
6.2	14	Rtr13	2
6.2	13	Rtr12	4
6.2	12	Rtr11	6
6.2	11	Rtr10	8
6.2	10	Rtr9	17
6.2	9	Rtr8	25
6.2	8	Rtr7	27
6.2	7	Rtr6	28
6.2	6	Rtr5	29
6.2	5	Rtr4	13
6.2	4	Rtr3	15
6.2	3	Rtr2	17
6.2	2	Rtr1	19
6.2	1	Src2	30
6.2	0	Src1	22
6.3	19	Dst1	0
6.3	20	Dst2	0
6.3	18	Rtr17	1
6.3	17	Rtr16	2
6.3	16	Rtr15	3
6.3	15	Rtr14	4
6.3	14	Rtr13	2
6.3	13	Rtr12	4
6.3	12	Rtr11	6
6.3	11	Rtr10	8
6.3	10	Rtr9	17
6.3	9	Rtr8	26
6.3	8	Rtr7	27
6.3	7	Rtr6	28
6.3	6	Rtr5	29
6.3	5	Rtr4	13
6.3	4	Rtr3	15
6.3	3	Rtr2	17
6.3	2	Rtr1	19
6.3	1	Src2	30
6.3	0	Src1	22
6.4	19	Dst1	0
6.4	20	Dst2	0
6.4	18	Rtr17	1
6.4	17	Rtr16	2
6.4	16	Rtr15	3
6.4	15	Rtr14	4
6.4	14	Rtr13	2
6.4	13	Rtr12	4
6.4	12	Rtr11	6
6.4	11	Rtr10	8
6.4	10	Rtr9	16
6.4	9	Rtr8	26
6.4	8	Rtr7	27
6.4	7	Rtr6	28
6.4	6	Rtr5	29
6.4	5	Rtr4	13
6.4	4	Rtr3	15
6.4	3	Rtr2	17
6.4	2	Rtr1	19
6.4	1	Src2	30
6.4	0	Src1	22
6.5	19	Dst1	0
6.5	20	Dst2	0
6.5	18	Rtr17	1
6.5	17	Rtr16	2
6.5	16	Rtr15	3
6.5	15	Rtr14	4
6.5	14	Rtr13	2
6.5	13	Rtr12	4
6.5	12	Rtr11	6
6.5	11	Rtr10	8
6.5	10	Rtr9	16
6.5	9	Rtr8	26
6.5	8	Rtr7	27
6.5	7	Rtr6	28
6.5	6	Rtr5	29
6.5	5	Rtr4	13
6.5	4	Rtr3	15
6.5	3	Rtr2	17
6.5	2	Rtr1	19
6.5	1	Src2	31
6.5	0	Src1	22
6.6	19	Dst1	0
6.6	20	Dst2	0
6.6	18	Rtr17	1
6.6	17	Rtr16	2
6.6	16	Rtr15	3
6.6	15	Rtr14	4
6.6	14	Rtr13	2
6.6	13	Rtr12	4
6.6	12	Rtr11	6
6.6	11	Rtr10	8
6.6	10	Rtr9	17
6.6	9	Rtr8	26
6.6	8	Rtr7	27
6.6	7	Rtr6	28
6.6	6	Rtr5	29
6.6	5	Rtr4	13
6.6	4	Rtr3	15
6.6	3	Rtr2	17
6.6	2	Rtr1	19
6.6	1	Src2	30
6.6	0	Src1	22
6.7	19	Dst1	0
6.7	20	Dst2	0
6.7	18	Rtr17	1
6.7	17	Rtr16	2
6.7	16	Rtr15	3
6.7	15	Rtr14	4
6.7	14	Rtr13	2
6.7	13	Rtr12	4
6.7	12	Rtr11	6
6.7	11	Rtr10	8
6.7	10	Rtr9	17
6.7	9	Rtr8	26
6.7	8	Rtr7	27
6.7	7	Rtr6	28
6.7	6	Rtr5	30
6.7	5	Rtr4	13
6.7	4	Rtr3	15
6.7	3	Rtr2	17
6.7	2	Rtr1	19
6.7	1	Src2	30
6.7	0	Src1	22
6.8	19	Dst1	0
6.8	20	Dst2	0
6.8	18	Rtr17	1
6.8	17	Rtr16	2
6.8	16	Rtr15	3
6.8	15	Rtr14	4
6.8	14	Rtr13	2
6.8	13	Rtr12	4
6.8	12	Rtr11	6
6.8	11	Rtr10	8
6.8	10	Rtr9	16
6.8	9	Rtr8	26
6.8	8	Rtr7	27
6.8	7	Rtr6	28
6.8	6	Rtr5	29
6.8	5	Rtr4	13
6.8	4	Rtr3	15
6.8	3	Rtr2	17
6.8	2	Rtr1	19
6.8	1	Src2	31
6.8	0	Src1	22
6.9	19	Dst1	0
6.9	20	Dst2	0
6.9	18	Rtr17	1
6.9	17	Rtr16	2
6.9	16	Rtr15	3
6.9	15	Rtr14	4
6.9	14	Rtr13	2
6.9	13	Rtr12	4
6.9	12	Rtr11	6
6.9	11	Rtr10	8
6.9	10	Rtr9	16
6.9	9	Rtr8	26
6.9	8	Rtr7	27
6.9	7	Rtr6	29
6.9	6	Rtr5	29
6.9	5	Rtr4	13
6.9	4	Rtr3	15
6.9	3	Rtr2	17
6.9	2	Rtr1	19
6.9	1	Src2	31
6.9	0	Src1	22
7	19	Dst1	0
7	20	Dst2	0
7	18	Rtr17	1
7	17	Rtr16	2
7	16	Rtr15	3
7	15	Rtr14	4
7	14	Rtr13	2
7	13	Rtr12	4
7	12	Rtr11	6
7	11	Rtr10	8
7	10	Rtr9	16
7	9	Rtr8	26
7	8	Rtr7	27
7	7	Rtr6	28
7	6	Rtr5	29
7	5	Rtr4	13
7	4	Rtr3	15
7	3	Rtr2	17
7	2	Rtr1	19
7	1	Src2	30
7	0	Src1	22
7.1	19	Dst1	0
7.1	20	Dst2	0
7.1	18	Rtr17	1
7.1	17	Rtr16	2
7.1	16	Rtr15	3
7.1	15	Rtr14	4
7.1	14	Rtr13	2
7.1	13	Rtr12	4
7.1	12	Rtr11	6
7.1	11	Rtr10	8
7.1	10	Rtr9	17
7.1	9	Rtr8	26
7.1	8	Rtr7	28
7.1	7	Rtr6	28
7.1	6	Rtr5	30
7.1	5	Rtr4	13
7.1	4	Rtr3	15
7.1	3	Rtr2	17
7.1	2	Rtr1	19
7.1	1	Src2	30
7.1	0	Src1	22
7.2	19	Dst1	0
7.2	20	Dst2	0
7.2	18	Rtr17	1
7.2	17	Rtr16	2
7.2	16	Rtr15	3
7.2	15	Rtr14	4
7.2	14	Rtr13	2
7.2	13	Rtr12	4
7.2	12	Rtr11	6
7.2	11	Rtr10	8
7.2	10	Rtr9	16
7.2	9	Rtr8	26
7.2	8	Rtr7	27
7.2	7	Rtr6	28
7.2	6	Rtr5	29
7.2	5	Rtr4	13
7.2	4	Rtr3	15
7.2	3	Rtr2	17
7.2	2	Rtr1	19
7.2	1	Src2	31
7.2	0	Src1	22
7.3	19	Dst1	0
7.3	20	Dst2	0
7.3	18	Rtr17	1
7.3	17	Rtr16	2
7.3	16	Rtr15	3
7.3	15	Rtr14	4
7.3	14	Rtr13	2
7.3	13	Rtr12	4
7.3	12	Rtr11	6
7.3	11	Rtr10	8
7.3	10	Rtr9	16
7.3	9	Rtr8	27
7.3	8	Rtr7	27
7.3	7	Rtr6	29
7.3	6	Rtr5	29
7.3	5	Rtr4	13
7.3	4	Rtr3	15
7.3	3	Rtr2	17
7.3	2	Rtr1	19
7.3	1	Src2	31
7.3	0	Src1	22
7.4	19	Dst1	0
7.4	20	Dst2	0
7.4	18	Rtr17	1
7.4	17	Rtr16	2
7.4	16	Rtr15	3
7.4	15	Rtr14	4
7.4	14	Rtr13	2
7.4	13	Rtr12	4
7.4	12	Rtr11	6
7.4	11	Rtr10	8
7.4	10	Rtr9	16
7.4	9	Rtr8	26
7.4	8	Rtr7	27
7.4	7	Rtr6	28
7.4	6	Rtr5	30
7.4	5	Rtr4	13
7.4	4	Rtr3	15
7.4	3	Rtr2	17
7.4	2	Rtr1	19
7.4	1	Src2	30
7.4	0	Src1	22
7.5	19	Dst1	0
7.5	20	Dst2	0
7.5	18	Rtr17	1
7.5	17	Rtr16	2
7.5	16	Rtr15	3
7.5	15	Rtr14	4
7.5	14	Rtr13	2
7.5	13	Rtr12	4
7.5	12	Rtr11	6
7.5	11	Rtr10	8
7.5	10	Rtr9	17
7.5	9	Rtr8	26
7.5	8	Rtr7	28
7.5	7	Rtr6	28
7.5	6	Rtr5	30
7.5	5	Rtr4	13
7.5	4	Rtr3	15
7.5	3	Rtr2	17
7.5	2	Rtr1	19
7.5	1	Src2	31
7.5	0	Src1	22
7.6	19	Dst1	0
7.6	20	Dst2	0
7.6	18	Rtr17	1
7.6	17	Rtr16	2
7.6	16	Rtr15	3
7.6	15	Rtr14	4
7.6	14	Rtr13	2
7.6	13	Rtr12	4
7.6	12	Rtr11	6
7.6	11	Rtr10	8
7.6	10	Rtr9	16
7.6	9	Rtr8	26
7.6	8	Rtr7	27
7.6	7	Rtr6	29
7.6	6	Rtr5	29
7.6	5	Rtr4	13
7.6	4	Rtr3	15
7.6	3	Rtr2	17
7.6	2	Rtr1	19
7.6	1	Src2	31
7.6	0	Src1	22
7.7	19	Dst1	0
7.7	20	Dst2	0
7.7	18	Rtr17	1
7.7	17	Rtr16	2
7.7	16	Rtr15	3
7.7	15	Rtr14	4
7.7	14	Rtr13	2
7.7	13	Rtr12	4
7.7	12	Rtr11	6
7.7	11	Rtr10	8
7.7	10	Rtr9	16
7.7	9	Rtr8	27
7.7	8	Rtr7	27
7.7	7	Rtr6	29
7.7	6	Rtr5	30
7.7	5	Rtr4	13
7.7	4	Rtr3	15
7.7	3	Rtr2	17
7.7	2	Rtr1	19
7.7	1	Src2	31
7.7	0	Src1	22
7.8	19	Dst1	0
7.8	20	Dst2	0
7.8	18	Rtr17	1
7.8	17	Rtr16	2
7.8	16	Rtr15	3
7.8	15	Rtr14	4
7.8	14	Rtr13	2
7.8	13	Rtr12	4
7.8	12	Rtr11	6
7.8	11	Rtr10	8
7.8	10	Rtr9	16
7.8	9	Rtr8	26
7.8	8	Rtr7	28
7.8	7	Rtr6	28
7.8	6	Rtr5	30
7.8	5	Rtr4	13
7.8	4	Rtr3	15
7.8	3	Rtr2	17
7.8	2	Rtr1	19
7.8	1	Src2	30
7.8	0	Src1	22
7.9	19	Dst1	0
7.9	20	Dst2	0
7.9	18	Rtr17	1
7.9	17	Rtr16	2
7.9	16	Rtr15	3
7.9	15	Rtr14	4
7.9	14	Rtr13	2
7.9	13	Rtr12	4
7.9	12	Rtr11	6
7.9	11	Rtr10	8
7.9	10	Rtr9	17
7.9	9	Rtr8	26
7.9	8	Rtr7	28
7.9	7	Rtr6	28
7.9	6	Rtr5	30
7.9	5	Rtr4	13
7.9	4	Rtr3	15
7.9	3	Rtr2	17
7.9	2	Rtr1	19
7.9	1	Src2	31
7.9	0	Src1	22
